V1 magfail.asia sftgcode sftgmusl sftgreg1 sftgreg2 sftgsts sftpcons sftmoecd sftsdemo sftpmag sftprev sftpeth sftpreg sftpgen sftpnum poldemoc polautoc poldurab polxrreg polxrcmp polxropn polxcons polpareg polpacmp dispop1 dispd1 dised1 dispop2 dispd2 dised2 dispop3 dispd3 dised3 dispop4 dispd4 dised4 dispop5 dispd5 dised5 dispop6 dispd6 dised6 dispop7 dispd7 dised7 dised8 dispd8 dispd9 dis1 dis2 dis3 dis4 dis5 dis6 dis7 dis8 dis9 disced1 disced4 discpd2 discpd3 discpd4 dispop8 dispop9 sftsdist sftsdisp dispota2 sftsdisa sftsdisi sftpem1 sftpem2 sftpem3 sftprm1 sftprm2 sftprm3 sftpvm1 sftpvm2 sftpvm3 bnnyroff unuurbpo unuurbpc unuurbch unuurbcp unutpop unucpop unucgr unucurb unuctot sfxinfm elceleth elceliti maccviol maccwar maceviol macewar macctot macactot macbord mactciv mactotac macnciv macnac macregn macnreg macrgciv macregac macnrciv macnrac dmimintv sftpmreg sftpmrev sftpmeth sftpmmax itu132mi itu132m itu91 itu112 itu422 macctote macctotr macctott sftpeind sftprind sftpvind sftgybeg sftgyend sftgsngr sftgunc sftgtrop
88 1 43.73333 1 1 1 1 1 1 1 1 3.73333 1 1 1 1 1 0 7 2 1 0 0 1 4 1 0.38 0 0 0.25 2 2 0.19 2 2 0.12 2 2 0 0 0 0 0 0 0 0 0 0 0 0 0 2 2 2 0 0 0 0 0 0 0 0 0 0 0 0 0.94 0.261 0.56 0.86 0.752666666666667 4 3 4 0 0 0 4 2 4 2 3911 19.89 7.18 1.9 19661 2029 5.83 51.88 10.32 152.1 1 1 0 7 0 0 7 7 6 6 6 3 3 6 15 30 30 7 7 0 1 5 4 4 NA NA NA NA NA 0 7 7 1 0 1 1919 9999 700 4 NA
792 1 0 2 2 1 1 2 0 1 1 0 0 0 0 0 0 0 8 91 3 1 2 2 4 2 0.28 2 2 0 0 0 0 0 0 0 0 0 0 0 0 0 0 0 0 0 0 0 0 0 2 0 0 0 0 0 0 0 0 0 NA NA NA NA 0 0 0.28 0.5968 0.28 0.28 0.28 0 0 0 0 0 0 0 0 0 26 107 6.03 6.13 3.37 1770 NA NA NA NA 100.9 1 1 0 0 0 0 0 0 2 9 9 1 1 6 15 30 30 7 7 0 1 4 0 0 NA NA NA NA NA 0 0 0 0 0 0 1949 9999 760 64 NA
924 1 0 3 1 1 1 3 0 1 2 0 0 0 0 0 0 6 0 7 3 3 4 5 2 3 0.122 1 9 0.006 1 1 0.002 2 1 0 0 0 0 0 0 0 0 0 0 0 0 0 0 0 1 1 2 0 0 0 0 0 0 9 NA 0 0 NA 0 0 0.13 0.771824 0.124 0.1297 0.1299 0 0 0 0 0 0 0 0 0 2 21631 18.3 4.56 2.92 118229 8545 5.01 39.5 7.23 76 0 0 0 0 0 0 0 0 2 12 12 2 2 6 15 30 30 7 7 0 1 4 0 0 NA NA NA NA NA 0 0 0 0 0 0 1971 9999 771 50 60
1276 1 20.75 4 2 2 2 4 1 1 1 2.75 0 0 1 0 2 1 4 0 2 1 4 3 3 3 0.034 2 9 0 0 0 0 0 0 0 0 0 0 0 0 0 0 0 0 0 0 0 0 0 2 0 0 0 0 0 0 0 0 9 NA NA NA NA 0 0 0.034 0.934312 0.034 0.0323636363636364 0.0331 0 0 0 3 3 2 0 0 0 5 2045 20.4 5.04 2.81 10024 NA NA NA NA 99.8 1 0 0 0 0 0 0 0 3 1 1 1 1 7 15 17 17 5 5 0 2 4 0 3 NA 748781 0 24261 NA 0 0 0 0 1 0 1953 9999 811 116 100
1584 1 13.5 5 2 2 3 5 1 1 1 2.5 1 1 0 0 2 0 7 49 2 1 4 3 4 1 0.007 1 1 0.007 1 2 0.005 2 2 0 0 0 0 0 0 0 0 0 0 0 0 0 0 0 1 2 2 0 0 0 0 0 0 0 NA 0 0 NA 0 0 0.019 0.962484 0.012 0.0188181818181818 0.0188181818181818 2 1 1 0 0 0 0 0 0 9 368723 30.22 3.45 2.56 1220224 13584 0.85 3.68 1.11 36.5 0 1 0 0 2 0 2 2 14 23 23 5 5 67 15 23.5 23.5 6 6 0 1 4 1 1 NA 171390 NA NA 112000 2 0 2 1 0 0 1815 9999 710 156 1
2596 1 0 7 2 2 4 7 0 1 2 0 0 0 0 0 0 8 0 8 3 3 4 7 2 3 0.5 0 0 0.43 2 0 0 0 0 0 0 0 0 0 0 0 0 0 0 0 0 0 0 0 0 2 0 0 0 0 0 0 0 0 NA 0 NA NA 0 0 0.93 0.4398 0.43 0.88 0.93 0 0 0 0 0 0 0 0 0 5 318 40.55 2.41 0.86 784 NA NA NA NA 19.2 1 0 0 0 0 0 0 0 0 0 0 0 0 99 0 0 0 0 0 0 1 4 0 0 349979 179854 NA NA NA 0 0 0 0 0 0 1970 9999 950 242 100
3432 1 16.98958 8 2 1 1 8 1 1 2 1.98958 0 1 0 0 1 8 0 48 3 3 4 7 2 3 0.14 1 1 0.079 1 1 0.02 0 0 0.013 1 1 0.007 0 1 0.003 1 0 0.003 1 1 1 1 1 1 1 0 1 1 1 1 1 1 0 0 0 0 0 0.001 0.001 0.267 0.563768 NA 0.255490909090909 0.254430303030303 4 2 2 0 0 0 0 0 0 0 248875 26.79 2.8 1.2 929005 15138 3.51 6.08 1.63 70.8 1 0 0 0 2 5 7 7 6 8 8 3 3 6 15 30 30 7 7 1 1 4 2 2 NA NA NA NA 270000 7 0 7 1 0 0 1949 9999 750 356 60
3476 1 25.5 9 1 2 2 9 1 1 1 2.5 1 1 0 0 3 0 5 39 2 1 4 3 3 2 0.027 2 0 0.018 1 1 0.005 1 2 0.004 2 2 0 0 0 0 0 0 0 0 0 0 0 0 2 1 2 2 0 0 0 0 0 0 0 0 0 0 0 0 0.054 0.89601 0.036 0.0546454545454545 0.0546454545454545 2 1 1 0 0 0 4 1 2 32 69947 35.42 4.01 2.53 197460 8621 2.6 12.33 4.37 46.2 1 0 2 0 1 0 3 3 2 0 0 0 0 7 15 17 17 5 5 0 1 4 1 2 NA 323800 3 557164 170000 1 2 3 1 0 1 1949 9999 850 360 100
4092 1 0 10 2 2 2 10 0 1 1 0 0 0 0 0 0 0 7 23 2 1 4 3 4 1 0.04 1 1 0 0 0 0 0 0 0 0 0 0 0 0 0 0 0 0 0 0 0 0 0 1 0 0 0 0 0 0 0 0 0 NA NA NA NA 0 0 0.04 0.9232 NA 0.0527272727272727 0.0527272727272727 0 0 0 0 0 0 0 0 0 0 1010 20.69 5.59 2.51 4882 NA NA NA NA 83.7 0 1 0 0 0 0 0 0 5 8 8 3 3 7 15 17 17 5 5 0 1 4 0 0 NA 855645 1 28472 NA 0 0 0 0 0 0 1954 9999 812 418 35
4664 1 0 11 1 2 2 11 0 1 2 0 0 0 0 0 0 4 0 27 2 2 4 4 2 3 0.351 1 0 0.09 1 1 0.036 1 1 0.029 1 1 0 0 0 0 0 0 0 0 0 0 0 0 1 1 1 1 0 0 0 0 0 0 0 0 0 0 0 0 0.506 0.377474 NA 0.511127272727273 0.511127272727273 0 0 0 0 0 0 0 0 0 17 10796 53.6 3.35 1.32 20140 1236 2.18 11.45 6.14 10.6 1 0 0 0 0 0 0 0 3 4 4 2 2 7 15 17 17 5 5 0 1 4 0 0 NA NA 20 438400 130000 0 0 0 0 0 0 1957 9999 820 458 100
5016 1 0 12 2 2 3 12 0 1 4 0 0 0 0 0 0 9 0 5 3 3 4 7 2 4 NA NA NA NA NA NA NA NA NA NA NA NA NA NA NA NA NA NA NA NA NA NA NA NA NA NA NA NA NA NA NA NA NA NA NA NA NA NA NA NA NA NA NA 0 NA 0 0 0 0 0 0 0 0 0 1 1498 60.8 2.97 0.87 2463 NA NA NA NA 50.6 0 0 0 0 0 0 0 0 2 2 2 1 1 7 15 17 17 5 5 0 1 4 0 0 NA NA NA NA NA 0 0 0 0 0 0 1921 9999 712 496 NA
5104 1 14.5 13 2 2 2 13 1 1 1 2.5 1 1 1 1 1 0 9 36 2 1 4 1 4 1 0.16 2 2 0.09 2 2 0.07 2 2 0.023 9 9 0.02 1 1 0.011 1 1 0 0 0 0 0 0 2 2 2 0 1 1 0 0 0 0 9 0 0 9 0 0 0.374 0.431526 0.343 0.360727272727273 0.366060606060606 2 1 1 0 0 0 0 0 0 6 11660 25.85 3.17 1.37 45106 3873 2.81 33.22 8.59 75.4 1 1 0 0 0 5 5 5 5 10 10 3 3 67 15 23.5 23.5 6 6 0 1 4 1 1 NA NA NA NA NA 5 0 5 1 0 0 1948 9999 775 104 65
5236 1 0 14 2 1 1 14 0 1 2 0 0 0 0 0 0 8 0 7 2 2 4 7 2 4 NA NA NA NA NA NA NA NA NA NA NA NA NA NA NA NA NA NA NA NA NA NA NA NA NA NA NA NA NA NA NA NA NA NA NA NA NA NA NA NA NA NA NA 0 NA 0 0 0 0 0 0 0 0 0 1 2212 10.31 5.37 2.85 21456 NA NA NA NA 79.8 0 0 0 0 0 0 0 0 2 9 9 2 2 6 15 30 30 7 7 0 1 4 0 0 NA 183864 1 193998 NA 0 0 0 0 0 0 1919 9999 790 524 NA
5588 1 24.46875 15 1 1 1 15 1 1 2 2.46875 0 1 0 0 2 7 0 10 3 3 4 6 2 3 0.13 1 1 0.102 1 1 0.08 2 0 0.041 1 1 0.035 2 1 0.016 2 1 0 0 0 0 0 0 1 1 2 1 2 2 0 0 0 0 0 -1 1 0 0 0 0.404 0.392082 0.131 0.409 0.409244444444444 9 9 9 0 0 0 0 0 0 0 46732 34.3 4.25 1.54 136257 9733 3.81 20.83 7.14 72.5 1 1 0 0 1 0 1 1 4 16 16 3 3 6 15 30 30 7 7 1 1 4 -9 0 NA NA NA NA NA 1 0 1 1 0 0 1971 9999 769 586 NA
5808 1 19.44444 16 2 2 2 16 1 1 4 2.44444 1 1 1 1 1 9 0 11 3 3 4 7 2 4 0.069 0 1 0.014 1 1 0 0 0 0 0 0 0 0 0 0 0 0 0 0 0 0 0 0 1 1 0 0 0 0 0 0 0 0 NA 0 NA NA 0 0 0.083 0.845846 NA 0.0813636363636363 0.0813636363636363 1 1 1 0 0 0 3 0 1 6 36662 54.04 3.64 1.63 67839 9286 3.05 25.33 13.69 34.1 0 0 0 3 0 3 6 6 0 0 0 0 0 7 15 17 17 5 5 0 1 5 1 1 681170 286444 NA NA 110000 3 3 6 1 0 1 1946 9999 840 608 100
5896 1 6 18 2 2 4 17 0 1 4 0 0 0 0 0 0 10 0 22 3 3 4 7 5 5 0.033 1 1 0 0 0 0 0 0 0 0 0 0 0 0 0 0 0 0 0 0 0 0 0 1 0 0 0 0 0 0 0 0 -1 NA NA NA NA 0 0 0.033 0.936178 NA 0.0347 0.033 2 0 1 0 0 0 0 0 0 1 690 16.05 3.87 1.63 4301 NA NA NA NA 60.2 0 0 0 0 0 0 0 0 1 3 3 1 1 7 15 17 17 5 5 0 1 4 1 1 NA NA NA NA NA 0 0 0 1 0 0 1975 9999 910 598 100
6028 1 0 19 2 2 3 18 0 1 1 0 0 0 0 0 0 0 9 50 2 1 4 1 4 1 NA NA NA NA NA NA NA NA NA NA NA NA NA NA NA NA NA NA NA NA NA NA NA NA NA NA NA NA NA NA NA NA NA NA NA NA NA NA NA NA NA NA NA 0 NA 0 0 0 0 0 0 0 0 0 4 13526 61.21 2.1 0.52 22097 2484 1.86 18.36 11.24 21.1 0 1 0 0 0 0 0 0 3 2 2 1 1 7 15 17 17 5 5 0 1 4 0 0 NA NA NA NA NA 0 0 0 0 0 0 1948 9999 731 408 NA
6116 1 0 20 2 2 3 19 0 1 4 0 0 0 0 0 0 10 0 10 3 3 4 7 5 5 0.131 1 1 0 0 0 0 0 0 0 0 0 0 0 0 0 0 0 0 0 0 0 0 0 1 0 0 0 0 0 0 0 0 0 NA NA NA NA 0 0 0.131 0.772322 NA 0.107181818181818 0.131 0 0 0 0 0 0 0 0 0 0 36501 81.28 2.03 1.17 44909 11609 1.02 31.81 25.85 9.2 0 0 0 0 0 0 0 0 1 0 0 0 0 7 15 17 17 5 5 0 1 4 0 0 NA NA NA NA NA 0 0 0 0 0 0 1948 9999 732 410 NA
6600 1 0 22 2 2 2 20 0 1 2 0 0 0 0 0 0 2 4 33 2 2 4 3 4 2 0.149 1 1 0 0 0 0 0 0 0 0 0 0 0 0 0 0 0 0 0 0 0 0 0 1 0 0 0 0 0 0 0 0 0 NA NA NA NA 0 0 0.149 0.746402 NA 0.1487 0.1487 0 0 0 0 0 0 0 0 0 8 3327 100 1.5 0 3327 3327 1.5 100 100 4.9 0 0 0 0 0 0 0 0 1 0 0 0 0 7 15 17 17 5 5 0 1 4 0 0 NA NA NA NA 145000 0 0 0 0 0 0 1965 9999 830 702 NA
6996 1 22.3125 23 2 1 1 21 1 1 2 2.3125 1 1 0 1 2 6 1 50 3 3 4 5 3 3 0.122 1 2 0.053 1 1 0 0 0 0 0 0 0 0 0 0 0 0 0 0 0 0 0 0 2 1 0 0 0 0 0 0 0 0 NA 0 NA NA 0 0 0.175 0.698318 0.122 0.179363636363636 0.179363636363636 3 2 3 0 0 0 0 0 0 4 3957 22.07 2.28 1.3 17928 NA NA NA NA 14.4 1 0 0 0 0 5 5 5 0 0 0 0 0 6 15 30 30 7 7 0 1 4 3 3 NA 400400 3 523529 NA 5 0 5 1 0 0 1948 9999 780 144 100
7436 1 0 24 2 2 3 6 0 1 4 0 0 0 0 0 0 9 0 6 3 3 4 6 5 5 0.83 0 0 0.15 0 0 0.017 1 1 0 0 0 0 0 0 0 0 0 0 0 0 0 0 0 0 0 1 0 0 0 0 0 0 0 NA 0 0 NA 0 0 0.997 0.711698 NA 0.972781818181818 0.8638 0 0 0 0 0 0 0 0 0 10 NA NA NA NA NA NA NA NA NA NA 2 0 0 0 0 0 0 0 0 0 0 0 0 7 15 17 17 5 5 0 1 4 0 0 NA NA NA NA 310000 0 0 0 0 0 0 1949 9999 713 -6 NA
7524 1 15.75 25 2 2 2 22 1 1 4 1.75 0 1 1 0 3 9 0 6 3 3 4 7 2 4 0.08 1 0 0.03 1 1 0.01 1 1 0 0 0 0 0 0 0 0 0 0 0 0 0 0 0 1 1 1 0 0 0 0 0 0 0 NA 0 0 NA 0 0 0.12 0.7818 NA 0.123636363636364 0.123636363636364 1 1 2 0 0 0 0 0 0 1 11620 19.95 2.33 1.57 58242 6547 1.96 56.34 11.24 28.7 0 0 0 0 1 0 1 1 4 5 5 1 1 7 15 17 17 5 5 0 1 4 2 2 NA NA NA NA 130000 1 0 1 1 0 0 1815 9999 800 764 95
8184 1 0 26 2 2 2 23 0 1 1 0 0 0 0 0 0 0 7 44 2 1 4 3 4 1 0.017 1 0 0.017 1 1 0 0 0 0 0 0 0 0 0 0 0 0 0 0 0 0 0 0 1 1 0 0 0 0 0 0 0 0 NA 0 NA NA 0 0 0.034 0.933734 NA 0.034 0.034 0 0 0 0 0 0 0 0 0 1 14348 19.44 2.04 0.29 73793 3521 0.87 24.54 4.77 36 0 1 0 0 0 0 0 0 3 2 2 1 1 7 15 17 17 5 5 0 1 4 0 0 NA NA NA NA NA 0 0 0 0 0 0 1976 9999 818 704 100
